[0, 0.0]
[13, 9.598485915116395]
[13, 6.916198452506817]
[13, 7.417173197606013]
[65, 39.29020431752649]
[19, 14.47436482404359]
[13, 9.279230578256662]
[26, 13.902366749141567]
[6, 3.6218637430843765]
[19, 13.433974869153788]
[6, 3.183120220362029]
[13, 8.976130859273566]
[6, 4.508220450310511]
[19, 10.079295456046102]
[13, 9.711081724491528]
[65, 35.626483987694705]
[6, 4.462358962130161]
[13, 8.571390230409868]
[292, 158.05477365748405]
[13, 8.428870256609828]
[45, 30.663206925418493]
[39, 24.955832544665668]
[6, 3.4471386531647785]
[58, 34.90687877644656]
[65, 43.44486754823218]
[32, 16.58424623785814]
[6, 3.436597700860287]
[19, 12.292847461622976]
[45, 28.868293167180816]
[6, 3.293557877567626]
[104, 56.97283027197511]
[6, 4.633659350208266]
[13, 9.479029159343956]
[6, 3.168034184836965]
[6, 3.7596800065150076]
[58, 42.14079347174706]
[6, 3.5942050926103786]
[78, 40.452562007767625]
[91, 58.4823711653737]
[32, 25.289118549816756]
[19, 13.516111619291333]
[13, 8.220498045506766]
[39, 26.358409000707297]
[52, 33.353063234414336]
[65, 33.18458268103805]
[58, 44.48174518749242]
[13, 8.410597895576053]
[13, 8.024827446827693]
[13, 9.570139401041168]
[19, 11.597426757399255]
[13, 10.187865193772797]
[13, 8.556662725041111]
[39, 22.8754260449869]
[13, 8.868773343788536]
[13, 10.086958065485835]
[39, 26.33267834249316]
[175, 129.85548025275733]
[39, 24.096705482280086]
[26, 20.18493377480894]
[156, 106.91717790864077]
[19, 15.151260960774984]
[13, 7.9378960334197135]
[175, 122.4866392105514]
[58, 44.094752566531554]
[65, 50.76297620001721]
[45, 32.80118194736673]
[38, 20.17828029679697]
[58, 43.52308974208877]
[13, 10.075267777142017]
[45, 33.7258676196533]
[19, 11.152231407902823]
[6, 3.5873552174582954]
[65, 32.73210310202092]
[13, 7.781942597472216]
[32, 16.90557512093022]
[13, 8.757769325782268]
[13, 10.171694728831104]
[26, 18.74952383936837]
[65, 34.176364941193924]
[26, 15.409095742867816]
[13, 9.872184479032418]
[104, 73.06186846542421]
[6, 3.847248643691559]
[188, 103.33616226564423]
[6, 3.919523532561135]
[45, 35.24217917392232]
[19, 10.129864678815812]
[45, 22.568077070161596]
[45, 28.381649676055538]
[32, 19.408325570523605]
[32, 22.961793819432007]
[19, 12.807372907541485]
[6, 3.2827589875999794]
[19, 12.837595815276146]
[6, 3.379604359408024]
[13, 8.946844250927448]
[6, 4.526009686417142]
[13, 7.205510857710851]
[13, 9.901094719782025]
[19, 14.452885678890933]
[32, 21.27682394192994]
[6, 4.315309957967183]
[91, 53.52616025913013]
[26, 17.480533797332143]
[6, 4.352864615367255]
[51, 39.91365732122515]
[162, 100.4158977167471]
[13, 9.990476738032969]
[6, 3.772474619630633]
[38, 23.267995507373485]
[162, 98.98236831430569]
[168, 117.5217391088662]
[6, 4.63355257717981]
[32, 16.335738728949753]
[6, 3.150454031118305]
[6, 3.7810629299209824]
[6, 4.003877015913268]
[6, 4.6841509882367065]
[13, 8.142480134558078]
[6, 3.574764716212209]
[117, 85.31042607960524]
[58, 35.32810424860951]
[32, 21.5275622309061]
[13, 8.892030335257921]
[6, 3.2798318326038913]
[123, 75.84860756645675]
[97, 66.0319158564068]
[25, 17.149226666617825]
[65, 34.18774262156387]
[19, 10.284113783080215]
[26, 18.342385993211703]
[32, 20.948859528736506]
[13, 8.811466310414673]
[13, 10.159017226093717]
[32, 20.774484145330128]
[45, 27.587170950819033]
[19, 12.946537178001012]
[19, 9.774009051000899]
[19, 12.129484933969845]
[32, 23.438314896756182]
[6, 3.3870974807505148]
[12, 9.297477889810079]
[6, 3.5327509237467187]
[97, 58.96665414891787]
[6, 4.511668823394505]
[6, 4.581064149440004]
[39, 25.129387239648157]
[13, 9.091930115441727]
[45, 28.564651587225278]
[19, 10.960590150709372]
[6, 4.369903053499506]
[13, 7.454340132202488]
[6, 3.445677257972036]
[32, 19.894586742354047]
[19, 10.650537306330122]
[6, 4.083431256632096]
[13, 9.207586016240267]
[78, 44.78199715856223]
[52, 30.125248801099357]
[6, 4.747122453448131]
[6, 4.216263511144236]
[6, 4.50630656912777]
[19, 12.24684699393205]
[13, 8.818098017999436]
[6, 3.7934429756289494]
[26, 16.379212658727873]
[6, 3.5668671208614855]
[13, 7.38518186318384]
[39, 26.893539057104096]
[19, 11.112398132339546]
[6, 3.9991195051888617]
[13, 9.552563626789482]
[6, 4.104392338421843]
[19, 10.561666005391483]
[19, 9.58505149288931]
[45, 35.18496352916725]
[26, 15.422929831587261]
[13, 8.12668530075986]
[58, 37.36525366996723]
[13, 9.802735011141046]
[13, 9.135834035454852]
[13, 10.182585864599002]
[19, 13.31355945178723]
[13, 9.53019112891556]
[13, 7.3802301358909865]
[39, 20.47874429408193]
[13, 9.55420977712501]
[13, 8.203866571923076]
[39, 23.536549523481888]
[175, 123.04720241537325]
[39, 29.514914126362576]
[26, 13.115606924606476]
[156, 118.95202968903692]
[19, 10.034140504034562]
[13, 9.092315420238826]
[175, 131.30558524500367]
[58, 32.88999592638825]
[65, 36.31386558960866]
[45, 33.801447060894674]
[38, 27.50760503649518]
[58, 31.842823411340817]
[13, 7.589173642356095]
[45, 34.6980308330063]
[19, 13.242824462063773]
[6, 4.414237491387312]
[65, 46.23113401000063]
[13, 6.96923083915358]
[32, 21.07110295665458]
[13, 7.10319110113206]
[13, 6.940400227922916]
[26, 16.897796544457663]
[65, 39.01554747908281]
[26, 15.009931950193803]
[13, 7.814400639385094]
[104, 55.074430939951874]
[6, 4.305439993223599]
[188, 114.21154831734614]
[6, 3.218155189533705]
[45, 35.553425555461374]
[19, 11.938511871653144]
[45, 29.657571202107235]
[45, 29.82980950469566]
[32, 19.84952544791184]
[32, 17.960724660205887]
[19, 14.384490812603019]
[6, 4.294523280774889]
[19, 13.822579271958123]
[6, 3.063750834703205]
[13, 9.766884208694051]
[6, 4.0806053826686925]
[13, 7.228770398910737]
[13, 7.0295964212293365]
[19, 9.589490395897549]
[32, 17.73017163704762]
[6, 3.529319414561492]
[91, 54.13662707786985]
[26, 19.529374255450424]
[6, 3.6750104944762665]
[51, 30.633835423793315]
[162, 106.96364514052391]
[13, 8.242974591796745]
[6, 3.1344008940443695]
[38, 26.184131142886045]
[162, 108.99002597398832]
[168, 87.0779596848068]
[6, 4.697271400440431]
[32, 17.655229719020802]
[6, 3.902788135532174]
[6, 3.7392537191066832]
[6, 3.1666816565687315]
[6, 4.385181369371732]
[13, 9.931603433089858]
[6, 4.197075412029671]
[117, 59.20772571886258]
[58, 32.83332771829386]
[32, 21.853097314675225]
[13, 8.772333281872703]
[6, 3.4462487018932104]
[123, 62.15687060530106]
[97, 73.19406357657618]
[25, 15.966521631986396]
[65, 45.31560728843953]
[19, 15.081611106938778]
[26, 17.179303762922945]
[32, 23.18789943498375]
[13, 6.89435608573526]
[13, 9.52508270621265]
[32, 24.274507448449796]
[45, 33.587334910358045]
[19, 9.771884241884859]
[19, 14.800461774227834]
[19, 13.39205029049279]
[32, 18.117660765573355]
[6, 4.317115455785686]
[12, 6.51776530917185]
[6, 3.746417721477972]
[97, 75.40896471984841]
[6, 4.112834179473443]
[84, 52.18384237050242]
[13, 7.303093103192844]
[6, 4.794876829676356]
[39, 28.784434515401394]
[39, 26.33469793162743]
[13, 6.752384569681495]
[6, 3.7924034383403]
[38, 23.0815382304788]
[6, 4.698717968308617]
[19, 10.146248704965233]
[45, 28.38052397157987]
[65, 50.685950138331705]
[26, 13.030859992216048]
[136, 106.31965053519238]
[6, 4.233465273871854]
[45, 23.859725106654402]
[78, 58.07338602395613]
[78, 43.17280729194579]
[32, 25.3463242211137]
[26, 14.492399601914185]
[26, 14.48440292947199]
[103, 60.88573608902338]
[52, 35.058972050703005]
[45, 24.218864442531242]
[26, 13.719051451945305]
[52, 37.229379092397714]
[6, 3.9961414183217476]
[19, 12.979064590575975]
[97, 54.17518852201159]
[26, 18.906277329741176]
[78, 56.88915120728781]
[32, 17.119150036567902]
[65, 35.49602296795936]
[136, 105.43504025879398]
[97, 70.82121922912556]
[6, 4.082830780494516]
[97, 62.40950539003746]
[91, 53.51648455682689]
[39, 27.808205317013993]
[32, 21.381757518162264]
[58, 37.605390084852345]
[13, 10.173973005231396]
[39, 22.992261822099216]
[13, 7.305013101586442]
[45, 29.624574727797125]
[6, 3.5933357939606605]
[6, 4.7009233916885895]
[32, 18.078214929580884]
[6, 4.205341535426715]
[71, 51.51596790654792]
[110, 71.69192181136378]
[6, 3.9196823175077897]
[12, 9.211592291590863]
[32, 22.749931542861177]
[45, 28.56711703091041]
[32, 19.896377534766714]
[12, 6.768907960674825]
[26, 16.636578068077974]
[26, 18.644818166337558]
[39, 29.715275466441067]
[39, 26.7305619374977]
[0, 0]
[19, 12.11807175819389]
[39, 30.29328623598103]
[6, 4.731181180686336]
[45, 23.360159518562998]
[6, 3.0060397462200807]
[39, 28.93340452520895]
[32, 23.790708057214932]
[13, 6.908491570575289]
[6, 3.3669742934744455]
[13, 7.598164870094729]
[26, 15.282382454577048]
[32, 20.62358068923887]
[45, 31.525679302633556]
[52, 40.99202676493592]
[39, 25.43324031993863]
[19, 14.329455701457384]
[6, 4.363037492901228]
[26, 16.875935597103524]
[12, 8.873562241999576]
[26, 17.41182529876347]
[19, 11.904504545773998]
[6, 4.205345703552467]
[32, 17.38777055862336]
[32, 17.00859607800553]
[6, 4.751594226609798]
[13, 7.1227532749871845]
[32, 18.596109805522367]
[38, 24.555175561286855]
[39, 30.962054925668365]
[6, 3.955273887341323]
[6, 4.028807643432751]
[45, 26.692310148926026]
[6, 3.0728295084936232]
[6, 3.324783408598854]
[19, 13.245626171221641]
[6, 4.661518605648766]
[58, 30.155819437990704]
[6, 4.497970433854498]
[19, 13.755429282577904]
[0, 0]
