60.0
61.3
61.3
61.3
66.5
61.9
61.3
62.6
60.6
61.9
60.6
61.3
60.6
61.9
61.3
66.5
60.6
61.3
89.2
61.3
64.5
63.9
60.6
65.8
66.5
63.2
60.6
61.9
64.5
60.6
70.4
60.6
61.3
60.6
60.6
65.8
60.6
67.8
69.1
63.2
61.9
61.3
63.9
65.2
66.5
65.8
61.3
61.3
61.3
61.9
61.3
61.3
63.9
61.3
61.3
63.9
77.5
63.9
62.6
75.6
61.9
61.3
77.5
65.8
66.5
64.5
63.8
65.8
61.3
64.5
61.9
60.6
66.5
61.3
63.2
61.3
61.3
62.6
66.5
62.6
61.3
70.4
60.6
78.8
60.6
64.5
61.9
64.5
64.5
63.2
63.2
61.9
60.6
61.9
60.6
61.3
60.6
61.3
61.3
61.9
63.2
60.6
69.1
62.6
60.6
65.1
76.2
61.3
60.6
63.8
76.2
76.8
60.6
63.2
60.6
60.6
60.6
60.6
61.3
60.6
71.7
65.8
63.2
61.3
60.6
72.3
69.7
62.5
66.5
61.9
62.6
63.2
61.3
61.3
63.2
64.5
61.9
61.9
61.9
63.2
60.6
61.2
60.6
69.7
60.6
60.6
63.9
61.3
64.5
61.9
60.6
61.3
60.6
63.2
61.9
60.6
61.3
67.8
65.2
60.6
60.6
60.6
61.9
61.3
60.6
62.6
60.6
61.3
63.9
61.9
60.6
61.3
60.6
61.9
61.9
64.5
62.6
61.3
65.8
61.3
61.3
61.3
61.9
61.3
61.3
63.9
61.3
61.3
63.9
77.5
63.9
62.6
75.6
61.9
61.3
77.5
65.8
66.5
64.5
63.8
65.8
61.3
64.5
61.9
60.6
66.5
61.3
63.2
61.3
61.3
62.6
66.5
62.6
61.3
70.4
60.6
78.8
60.6
64.5
61.9
64.5
64.5
63.2
63.2
61.9
60.6
61.9
60.6
61.3
60.6
61.3
61.3
61.9
63.2
60.6
69.1
62.6
60.6
65.1
76.2
61.3
60.6
63.8
76.2
76.8
60.6
63.2
60.6
60.6
60.6
60.6
61.3
60.6
71.7
65.8
63.2
61.3
60.6
72.3
69.7
62.5
66.5
61.9
62.6
63.2
61.3
61.3
63.2
64.5
61.9
61.9
61.9
63.2
60.6
61.2
60.6
69.7
60.6
68.4
61.3
60.6
63.9
63.9
61.3
60.6
63.8
60.6
61.9
64.5
66.5
62.6
73.6
60.6
64.5
67.8
67.8
63.2
62.6
62.6
70.3
65.2
64.5
62.6
65.2
60.6
61.9
69.7
62.6
67.8
63.2
66.5
73.6
69.7
60.6
69.7
69.1
63.9
63.2
65.8
61.3
63.9
61.3
64.5
60.6
60.6
63.2
60.6
67.1
71.0
60.6
61.2
63.2
64.5
63.2
61.2
62.6
62.6
63.9
63.9
62.6
61.9
63.9
60.6
64.5
60.6
63.9
63.2
61.3
60.6
61.3
62.6
63.2
64.5
65.2
63.9
61.9
60.6
62.6
61.2
62.6
61.9
60.6
63.2
63.2
60.6
61.3
63.2
63.8
63.9
60.6
60.6
64.5
60.6
60.6
61.9
60.6
65.8
60.6
61.9
60.0
