0
13
13
13
65
19
13
26
6
19
6
13
6
19
13
65
6
13
292
13
45
39
6
58
65
32
6
19
45
6
104
6
13
6
6
58
6
78
91
32
19
13
39
52
65
58
13
13
13
19
13
13
39
13
13
39
175
39
26
156
19
13
175
58
65
45
38
58
13
45
19
6
65
13
32
13
13
26
65
26
13
104
6
188
6
45
19
45
45
32
32
19
6
19
6
13
6
13
13
19
32
6
91
26
6
51
162
13
6
38
162
168
6
32
6
6
6
6
13
6
117
58
32
13
6
123
97
25
65
19
26
32
13
13
32
45
19
19
19
32
6
12
6
97
6
6
39
13
45
19
6
13
6
32
19
6
13
78
52
6
6
6
19
13
6
26
6
13
39
19
6
13
6
19
19
45
26
13
58
13
13
13
19
13
13
39
13
13
39
175
39
26
156
19
13
175
58
65
45
38
58
13
45
19
6
65
13
32
13
13
26
65
26
13
104
6
188
6
45
19
45
45
32
32
19
6
19
6
13
6
13
13
19
32
6
91
26
6
51
162
13
6
38
162
168
6
32
6
6
6
6
13
6
117
58
32
13
6
123
97
25
65
19
26
32
13
13
32
45
19
19
19
32
6
12
6
97
6
84
13
6
39
39
13
6
38
6
19
45
65
26
136
6
45
78
78
32
26
26
103
52
45
26
52
6
19
97
26
78
32
65
136
97
6
97
91
39
32
58
13
39
13
45
6
6
32
6
71
110
6
12
32
45
32
12
26
26
39
39
26
19
39
6
45
6
39
32
13
6
13
26
32
45
52
39
19
6
26
12
26
19
6
32
32
6
13
32
38
39
6
6
45
6
6
19
6
58
6
19
-10500
