[0, 0.0]
[14, 7.431559571522554]
[225, 157.64212185409554]
[20, 14.784621910381647]
[89, 45.36126834439048]
[7, 3.6052991131891767]
[14, 9.193313003645924]
[7, 4.575063604227188]
[14, 9.218093058637628]
[20, 14.778615152576151]
[116, 71.76254880312507]
[20, 10.499554161132153]
[82, 65.2226849479493]
[27, 16.802351428719295]
[48, 36.71181551189176]
[184, 115.80199583908882]
[7, 4.079577947476857]
[7, 3.526225044213223]
[89, 44.78821340002014]
[82, 59.83355846456263]
[27, 18.132768301337613]
[55, 36.72590366032125]
[27, 20.01767288925945]
[150, 88.68716144951765]
[48, 34.91837239357483]
[7, 5.391167348784487]
[27, 20.54808212020702]
[41, 21.694949080647326]
[14, 8.38899443624241]
[7, 3.9663940135315974]
[20, 13.337121594434734]
[20, 12.753797503560802]
[14, 10.677356640119534]
[7, 5.051347301320808]
[27, 19.176489767382737]
[20, 10.111971016694634]
[41, 30.442668260499037]
[7, 4.670924849013867]
[7, 5.17154296080065]
[14, 7.3320450574828735]
[143, 79.4407457401073]
[116, 86.15011855119339]
[48, 34.004124617403605]
[14, 11.0994234214763]
[68, 49.774388637085636]
[14, 10.8296216888039]
[7, 4.229620286938726]
[41, 29.516720673968038]
[14, 10.358941374265854]
[109, 65.78990298106893]
[68, 52.42322288150892]
[34, 21.05121479535795]
[20, 14.762209384522631]
[14, 8.26235978019167]
[20, 12.519282506005695]
[7, 4.5603054704368065]
[7, 4.283361746509629]
[7, 5.0550501366795455]
[14, 8.638689679429653]
[61, 31.459755738262444]
[82, 43.689490712420344]
[27, 14.920118819607838]
[48, 29.568453330378208]
[7, 5.338905024726527]
[68, 49.250342444053565]
[7, 4.3447392845590995]
[7, 4.128461937927545]
[109, 57.556187037674526]
[34, 20.798787018169627]
[55, 31.04206059994559]
[48, 27.69794793020379]
[109, 81.73159245886063]
[34, 24.502901630583885]
[41, 27.34388536973514]
[14, 8.910904434332078]
[61, 34.96711499975482]
[7, 4.555840329547834]
[7, 5.298371594904733]
[7, 4.029375533470165]
[7, 3.7452695798846696]
[7, 5.22202726613741]
[7, 5.121305700396397]
[7, 5.260857147328198]
[20, 10.474906389679466]
[14, 9.74703620987292]
[7, 4.3315153384368115]
[14, 8.534880331402027]
[7, 4.5609878454786585]
[14, 9.787974974283841]
[14, 9.216495011892189]
[7, 3.7498327626389845]
[20, 14.19490287211371]
[7, 4.193472222960207]
[34, 17.914854853742725]
[136, 71.18780899821193]
[95, 49.22527681884726]
[68, 46.19982839094236]
[7, 5.3797277454370835]
[14, 7.700337965943393]
[61, 41.01145075956596]
[14, 7.69055085411771]
[41, 20.585308640608112]
[48, 32.50875895097024]
[14, 9.045412136368306]
[27, 19.47732337069299]
[34, 26.782659416278232]
[20, 10.750011199229576]
[27, 19.87913075174641]
[7, 3.981386501328773]
[7, 4.301330891662177]
[48, 31.07305483905188]
[34, 17.364617961710646]
[7, 5.271335131535825]
[7, 5.158782504646694]
[14, 9.371043088306834]
[14, 8.194201688706627]
[55, 36.92559276478686]
[7, 5.215126515246343]
[48, 28.284047484055407]
[14, 7.558412185197493]
[7, 5.350158611574342]
[20, 12.440179489515103]
[82, 51.5917938613521]
[7, 5.090589607679821]
[7, 4.245086840848484]
[7, 4.43907722128206]
[7, 4.316991978808652]
[27, 21.12044216840545]
[27, 13.80635514949859]
[7, 5.273815706813991]
[7, 5.353586750376152]
[68, 40.112838495405]
[7, 4.380673541605175]
[27, 14.461039469071707]
[7, 4.767883785267365]
[14, 9.516315318009159]
[7, 4.17634727494937]
[41, 27.7381199958931]
[7, 4.723934079590478]
[14, 11.128323940253523]
[14, 8.556369831131162]
[7, 4.188393001594163]
[7, 4.0373443821127]
[14, 10.467320114331084]
[109, 68.65355745549732]
[14, 7.249694365872589]
[14, 10.636691161893102]
[14, 8.462803412136378]
[48, 37.1652780094298]
[14, 9.260043531628861]
[27, 15.173852869276217]
[48, 33.85041394880784]
[7, 5.383648557578638]
[7, 4.228320422438697]
[48, 36.63355170030781]
[7, 4.676177337169574]
[14, 9.052527729409938]
[7, 5.196605859352737]
[14, 9.792443554808614]
[68, 49.29645676053583]
[48, 28.947603233252103]
[7, 4.923621756940373]
[7, 5.459222500513103]
[7, 4.855351322153476]
[34, 19.9278263737811]
[61, 42.18024679706794]
[34, 21.752045146515023]
[20, 14.862300220217737]
[27, 16.997860437206334]
[14, 7.2814737189398295]
[27, 16.812074058060745]
[7, 4.8151433245108155]
[7, 4.534750684274506]
[34, 23.6403139830661]
[7, 5.325511759865736]
[7, 3.6894018244418914]
[14, 11.153416288329865]
[7, 4.721093390099782]
[20, 15.586467198822646]
[14, 9.659587299881741]
[28, 15.123746317955113]
[7, 5.36640069528368]
[14, 9.462997671518947]
[14, 9.355996269589301]
[7, 4.285003512539999]
[95, 68.79788355471862]
[68, 38.670560460102074]
[7, 3.94720367558266]
[75, 56.10285113794271]
[20, 12.867921602818576]
[34, 18.173221731217282]
[7, 3.5687386163242545]
[48, 26.38428611234907]
[14, 10.86004038222714]
[14, 9.49347269843071]
[68, 51.14904894556388]
[61, 36.11149058443831]
[14, 7.788975616884697]
[20, 11.841973605254816]
[89, 44.964462516196235]
[82, 43.32499240756207]
[14, 7.611939653058472]
[41, 27.585859043230844]
[7, 4.020781604797224]
[7, 3.517107061604928]
[7, 4.7005464251284135]
[7, 5.409242575165988]
[55, 29.53059023360683]
[28, 20.698208477669183]
[14, 9.836220721448484]
[7, 4.272241729191184]
[20, 15.776834655918625]
[7, 5.484371872631236]
[7, 5.017436045670962]
[7, 4.017046751212989]
[7, 4.087335566519897]
[7, 4.841431380520629]
[7, 5.538521878118262]
[20, 14.279513825191817]
[14, 9.5298710010997]
[7, 4.4707785044792985]
[7, 4.419290585927401]
[14, 7.684279898142753]
[7, 4.5115446639523915]
[7, 4.3704639683623245]
[7, 3.584499111793953]
[7, 5.405946769248313]
[14, 10.196911536081895]
[7, 3.7670392296991997]
[7, 5.393717245385445]
[7, 4.1024364537032225]
[0, 0]
[0, 0]
