60.0
61.4
82.5
62.0
68.9
60.7
61.4
60.7
61.4
62.0
71.6
62.0
68.2
62.7
64.8
78.4
60.7
60.7
68.9
68.2
62.7
65.5
62.7
75.0
64.8
60.7
62.7
64.1
61.4
60.7
62.0
62.0
61.4
60.7
62.7
62.0
64.1
60.7
60.7
61.4
74.3
71.6
64.8
61.4
66.8
61.4
60.7
64.1
61.4
70.9
66.8
63.4
62.0
61.4
62.0
60.7
60.7
60.7
61.4
66.1
68.2
62.7
64.8
60.7
66.8
60.7
60.7
70.9
63.4
65.5
64.8
70.9
63.4
64.1
61.4
66.1
60.7
60.7
60.7
60.7
60.7
60.7
60.7
62.0
61.4
60.7
61.4
60.7
61.4
61.4
60.7
62.0
60.7
63.4
73.6
69.5
66.8
60.7
61.4
66.1
61.4
64.1
64.8
61.4
62.7
63.4
62.0
62.7
60.7
60.7
64.8
63.4
60.7
60.7
61.4
61.4
65.5
60.7
64.8
61.4
60.7
62.0
68.2
60.7
60.7
60.7
60.7
62.7
62.7
60.7
60.7
66.8
60.7
62.7
60.7
61.4
60.7
64.1
60.7
61.4
61.4
60.7
60.7
61.4
70.9
61.4
61.4
61.4
64.8
61.4
62.7
64.8
60.7
60.7
64.8
60.7
61.4
60.7
61.4
66.8
64.8
60.7
60.7
60.7
63.4
66.1
63.4
62.0
62.7
61.4
62.7
60.7
60.7
63.4
60.7
60.7
61.4
60.7
62.0
61.4
62.8
60.7
61.4
61.4
60.7
69.5
66.8
60.7
67.5
62.0
63.4
60.7
64.8
61.4
61.4
66.8
66.1
61.4
62.0
68.9
68.2
61.4
64.1
60.7
60.7
60.7
60.7
65.5
62.8
61.4
60.7
62.0
60.7
60.7
60.7
60.7
60.7
60.7
62.0
61.4
60.7
60.7
61.4
60.7
60.7
60.7
60.7
61.4
60.7
60.7
60.7
60.0
60.0
