0
14
225
20
89
7
14
7
14
20
116
20
82
27
48
184
7
7
89
82
27
55
27
150
48
7
27
41
14
7
20
20
14
7
27
20
41
7
7
14
143
116
48
14
68
14
7
41
14
109
68
34
20
14
20
7
7
7
14
61
82
27
48
7
68
7
7
109
34
55
48
109
34
41
14
61
7
7
7
7
7
7
7
20
14
7
14
7
14
14
7
20
7
34
136
95
68
7
14
61
14
41
48
14
27
34
20
27
7
7
48
34
7
7
14
14
55
7
48
14
7
20
82
7
7
7
7
27
27
7
7
68
7
27
7
14
7
41
7
14
14
7
7
14
109
14
14
14
48
14
27
48
7
7
48
7
14
7
14
68
48
7
7
7
34
61
34
20
27
14
27
7
7
34
7
7
14
7
20
14
28
7
14
14
7
95
68
7
75
20
34
7
48
14
14
68
61
14
20
89
82
14
41
7
7
7
7
55
28
14
7
20
7
7
7
7
7
7
20
14
7
7
14
7
7
7
7
14
7
7
7
-5850
-5850
