[0, 0.0]
[19, 13.73180017325905]
[32, 20.76615248705862]
[6, 4.614745451564883]
[13, 9.387218669626895]
[26, 13.966508513962406]
[6, 3.461006028022773]
[13, 8.856553911634451]
[39, 28.148048887811157]
[26, 15.31416946279439]
[58, 35.54097703117016]
[32, 21.42134053050222]
[45, 23.605820564394506]
[51, 37.05879233665793]
[45, 30.635689574766918]
[32, 25.3464728548062]
[26, 15.330499260900936]
[90, 47.92353961171819]
[58, 40.25602602016398]
[6, 3.3270303188000385]
[6, 4.044211580105032]
[51, 26.011680811012102]
[6, 3.8988996621175156]
[51, 33.81576844790693]
[13, 7.922943859531319]
[13, 7.5545873089294755]
[26, 16.98329295536728]
[6, 3.1630108245326727]
[19, 14.914860638128662]
[6, 3.9961927922933986]
[64, 35.00988049173135]
[13, 8.996454185526012]
[39, 26.194587757472057]
[58, 37.22402639586623]
[19, 11.849538780257475]
[26, 18.118790795313497]
[103, 57.24141443700004]
[58, 36.51183044089349]
[19, 9.710400332745822]
[19, 11.673216577291447]
[39, 19.909417703194674]
[45, 24.727701685124366]
[13, 9.735650352762548]
[39, 21.914419692182253]
[13, 8.025335903010715]
[6, 3.5517239891210224]
[122, 78.62627175731862]
[32, 18.553201378478654]
[13, 6.53265550773665]
[13, 9.594418034824768]
[19, 12.555810405017185]
[58, 34.66170265601198]
[6, 3.3846351586326637]
[19, 11.487056948475466]
[77, 42.264224446800156]
[83, 56.623561613091965]
[71, 38.78981833100693]
[51, 30.846493692023547]
[90, 65.9029088391888]
[13, 7.637236557678898]
[70, 55.9427887768905]
[116, 73.52035518694228]
[58, 40.77541363722831]
[32, 21.014099549197507]
[13, 9.741777087890023]
[167, 111.88470831398325]
[45, 33.02982950174594]
[32, 16.448951972208807]
[45, 31.013061973285367]
[13, 8.661816922597783]
[58, 41.86343296815075]
[19, 9.842920497372305]
[39, 19.975988329577984]
[45, 31.80763063374853]
[6, 3.3503637762378515]
[6, 3.5631612027591073]
[6, 4.641718232205726]
[26, 15.295710799576868]
[6, 3.2182813182140797]
[32, 21.443441967231166]
[32, 22.832532659070857]
[39, 23.112193277483744]
[19, 14.101046847323904]
[32, 24.468895728943483]
[6, 4.268838240676869]
[115, 81.10420265196815]
[39, 24.252057484598254]
[57, 45.14389964462735]
[13, 7.0295894252013085]
[6, 3.3610312922999483]
[6, 4.034509024148378]
[51, 34.545805832761616]
[109, 60.39062693990074]
[19, 14.973668830069096]
[51, 35.943073776660945]
[6, 4.200709729835301]
[13, 7.3869193487129206]
[58, 29.36926494679542]
[19, 10.829610013280663]
[45, 28.577524777851615]
[13, 7.478675134945433]
[39, 28.920853272686664]
[6, 3.814059981063833]
[6, 4.6026350111723495]
[147, 117.31472400394807]
[39, 27.874052878819498]
[13, 6.740504490162388]
[141, 101.60286129711864]
[38, 25.433320254869564]
[26, 18.29906465246069]
[51, 36.79167836125063]
[6, 3.6628469945132824]
[52, 33.32487918707683]
[39, 28.85029214608317]
[32, 17.52899185942418]
[39, 29.39899492937808]
[115, 69.79193914339062]
[26, 13.653531005004568]
[19, 11.694815808624798]
[103, 56.440386268434935]
[13, 8.618934966182808]
[6, 3.2275347956037397]
[83, 44.74255791377314]
[26, 19.05283635530765]
[32, 17.610876595304358]
[13, 8.341991438374514]
[25, 16.7304643732146]
[71, 46.89402774372887]
[90, 67.76335455401919]
[13, 9.801292779151996]
[45, 24.077392986823426]
[6, 3.073435648531281]
[26, 13.10859712534025]
[25, 19.776720706210213]
[13, 9.557426864305047]
[6, 3.4416552066056854]
[13, 10.02897280111707]
[90, 63.71522747320622]
[25, 18.65429969245541]
[26, 16.730024520390398]
[6, 3.714909108326256]
[32, 16.846800262043217]
[19, 12.471816477527458]
[6, 3.7422464763103025]
[13, 7.1818701917342676]
[90, 67.84753027246748]
[6, 3.151670469056639]
[13, 9.093536829752658]
[6, 3.823215147397674]
[26, 18.65694557919186]
[19, 14.960644677710125]
[26, 19.745147606900925]
[13, 7.083830894185639]
[26, 18.29067634173876]
[6, 3.5243291990900323]
[13, 9.364343415416865]
[51, 32.540325278871364]
[26, 13.347686733670102]
[13, 8.078580866766442]
[19, 11.293082653030542]
[6, 4.580389834918958]
[6, 4.475058036656593]
[13, 9.476397154246005]
[6, 3.618432167619376]
[13, 8.497440034459206]
[19, 13.103795689353694]
[77, 45.32603605524606]
[83, 60.61507970794112]
[71, 37.05099728301026]
[51, 35.76289907271661]
[90, 68.47945815225351]
[13, 10.169325058699233]
[70, 46.965094501815905]
[116, 70.44082300480224]
[58, 44.024451397384055]
[32, 18.836924266889113]
[13, 9.165587676440513]
[167, 105.62695245844557]
[45, 27.49616071598422]
[32, 17.304043320801817]
[45, 24.493180449206925]
[13, 7.137114307124346]
[58, 29.416602589202068]
[19, 14.974530844865342]
[39, 25.10509385706657]
[45, 32.968773661476526]
[6, 3.7952796563020446]
[6, 3.491212614536847]
[6, 4.147061668042568]
[26, 14.857782402460002]
[6, 3.323420388823502]
[32, 23.963350757305854]
[32, 16.89599668509365]
[39, 19.998240238530297]
[19, 11.241127113780621]
[32, 24.600346437299685]
[6, 3.287738329651032]
[115, 63.979039622675614]
[39, 30.728897380628]
[57, 40.99418031464576]
[13, 8.649545388070747]
[6, 4.139344491680243]
[6, 3.175000350034586]
[51, 35.82132324670309]
[109, 82.53014652022543]
[19, 14.342812761105161]
[51, 37.6088636148278]
[6, 4.508874761892446]
[13, 9.0380483069266]
[58, 45.4405071875751]
[19, 11.292377861880642]
[45, 33.124496184868846]
[13, 6.977640416663397]
[39, 21.239453414982968]
[6, 3.3617109379804844]
[6, 3.622320933825937]
[147, 97.64696966300323]
[39, 29.999923237015985]
[13, 9.147260980349786]
[141, 82.32877761831503]
[38, 22.97683496176431]
[26, 16.298097798027896]
[51, 40.50796336065821]
[6, 3.885811482682088]
[52, 27.938427514683227]
[39, 23.285475971501928]
[32, 16.635100906227926]
[39, 30.665192856476324]
[115, 73.94855844076632]
[26, 17.36965171221876]
[19, 12.167881679443724]
[103, 63.10057631175083]
[13, 7.919638039695308]
[6, 4.385674178193508]
[83, 54.259548711800036]
[26, 20.17198847937081]
[32, 22.358074018466965]
[13, 8.09304613740656]
[25, 17.980857820709275]
[71, 50.938583485024]
[90, 48.919213029128656]
[13, 10.109084985782548]
[45, 30.381733031680028]
[6, 3.1853751827001138]
[26, 15.362974369913804]
[25, 19.176140076552596]
[13, 8.411846885455786]
[6, 4.600555500894613]
[13, 8.034278971251386]
[90, 48.40220852696618]
[25, 19.100214499415358]
[39, 22.093691362345734]
[6, 3.572558091950653]
[25, 19.885250864805357]
[19, 11.739105807227945]
[19, 12.568067815842205]
[38, 20.115613452344935]
[19, 10.976257664521349]
[6, 3.008463616252705]
[6, 3.70990822447837]
[58, 35.39907690712805]
[19, 12.557742900807735]
[19, 12.828813755068158]
[13, 7.602534792741995]
[109, 60.11699461715711]
[26, 20.647615818150612]
[19, 10.607639084384461]
[19, 12.327274312522743]
[19, 13.28978810652362]
[13, 9.555602565909993]
[71, 52.628945538762224]
[12, 6.132979043239298]
[122, 69.32379034979823]
[109, 74.44043018873461]
[45, 35.32937429745954]
[135, 97.76389671026962]
[39, 22.303352840546133]
[45, 28.901350864051143]
[32, 22.213197794832332]
[32, 17.044700368116985]
[13, 9.153536922978542]
[26, 14.883356222431251]
[58, 35.637427118239295]
[6, 4.705991348458599]
[77, 45.083459513336265]
[109, 59.065898783657545]
[32, 21.216658903893755]
[38, 27.864247101492925]
[13, 9.333857052690641]
[58, 29.38932718903112]
[96, 74.55277492093362]
[51, 40.637199558130796]
[26, 17.55215616712947]
[52, 35.5796087984304]
[71, 47.193754484150446]
[58, 31.721991510804685]
[32, 21.76570583522087]
[84, 46.09245333100593]
[39, 29.998716969787537]
[26, 13.691467462705845]
[77, 56.95024776989237]
[32, 24.56985871332166]
[51, 25.76940404008064]
[26, 17.2156452845171]
[26, 14.897978130954504]
[13, 7.843651372938309]
[26, 18.242044027412746]
[45, 27.104940566362245]
[6, 4.694557345860615]
[6, 3.1596275804524048]
[45, 34.23454963698205]
[58, 45.585517732370725]
[19, 12.1221405886815]
[26, 14.380648371932894]
[25, 12.863058880864033]
[32, 23.30213520555993]
[19, 10.491311839506512]
[51, 29.606409892667386]
[71, 51.12812887336203]
[64, 33.11708217359484]
[97, 62.998562504196116]
[77, 52.23094888698793]
[12, 9.274370019972881]
[6, 3.013817910970392]
[6, 3.821189908683081]
[6, 4.517108516108577]
[39, 20.09207742922402]
[6, 3.5095669750942204]
[58, 45.76084960583356]
[19, 12.063472674048786]
[19, 12.43779575505502]
[6, 3.305341043277928]
[13, 6.543923432238175]
[13, 8.084994549278122]
[19, 13.568695029901575]
[19, 9.713359859298503]
[26, 18.287041191917144]
[58, 41.97685630232306]
[6, 4.663562042536124]
[6, 4.599655198755593]
[12, 8.701531575109858]
[13, 7.191434143178575]
[6, 3.0048447257470117]
[32, 20.28528691161482]
[13, 8.026757155905752]
[13, 6.656139882059356]
[0, 0]
[0, 0]
