60.0
61.9
63.2
60.6
61.3
62.6
60.6
61.3
63.9
62.6
65.8
63.2
64.5
65.1
64.5
63.2
62.6
69.0
65.8
60.6
60.6
65.1
60.6
65.1
61.3
61.3
62.6
60.6
61.9
60.6
66.4
61.3
63.9
65.8
61.9
62.6
70.3
65.8
61.9
61.9
63.9
64.5
61.3
63.9
61.3
60.6
72.2
63.2
61.3
61.3
61.9
65.8
60.6
61.9
67.7
68.3
67.1
65.1
69.0
61.3
67.0
71.6
65.8
63.2
61.3
76.7
64.5
63.2
64.5
61.3
65.8
61.9
63.9
64.5
60.6
60.6
60.6
62.6
60.6
63.2
63.2
63.9
61.9
63.2
60.6
71.5
63.9
65.7
61.3
60.6
60.6
65.1
70.9
61.9
65.1
60.6
61.3
65.8
61.9
64.5
61.3
63.9
60.6
60.6
74.7
63.9
61.3
74.1
63.8
62.6
65.1
60.6
65.2
63.9
63.2
63.9
71.5
62.6
61.9
70.3
61.3
60.6
68.3
62.6
63.2
61.3
62.5
67.1
69.0
61.3
64.5
60.6
62.6
62.5
61.3
60.6
61.3
69.0
62.5
62.6
60.6
63.2
61.9
60.6
61.3
69.0
60.6
61.3
60.6
62.6
61.9
62.6
61.3
62.6
60.6
61.3
65.1
62.6
61.3
61.9
60.6
60.6
61.3
60.6
61.3
61.9
67.7
68.3
67.1
65.1
69.0
61.3
67.0
71.6
65.8
63.2
61.3
76.7
64.5
63.2
64.5
61.3
65.8
61.9
63.9
64.5
60.6
60.6
60.6
62.6
60.6
63.2
63.2
63.9
61.9
63.2
60.6
71.5
63.9
65.7
61.3
60.6
60.6
65.1
70.9
61.9
65.1
60.6
61.3
65.8
61.9
64.5
61.3
63.9
60.6
60.6
74.7
63.9
61.3
74.1
63.8
62.6
65.1
60.6
65.2
63.9
63.2
63.9
71.5
62.6
61.9
70.3
61.3
60.6
68.3
62.6
63.2
61.3
62.5
67.1
69.0
61.3
64.5
60.6
62.6
62.5
61.3
60.6
61.3
69.0
62.5
63.9
60.6
62.5
61.9
61.9
63.8
61.9
60.6
60.6
65.8
61.9
61.9
61.3
70.9
62.6
61.9
61.9
61.9
61.3
67.1
61.2
72.2
70.9
64.5
73.5
63.9
64.5
63.2
63.2
61.3
62.6
65.8
60.6
67.7
70.9
63.2
63.8
61.3
65.8
69.6
65.1
62.6
65.2
67.1
65.8
63.2
68.4
63.9
62.6
67.7
63.2
65.1
62.6
62.6
61.3
62.6
64.5
60.6
60.6
64.5
65.8
61.9
62.6
62.5
63.2
61.9
65.1
67.1
66.4
69.7
67.7
61.2
60.6
60.6
60.6
63.9
60.6
65.8
61.9
61.9
60.6
61.3
61.3
61.9
61.9
62.6
65.8
60.6
60.6
61.2
61.3
60.6
63.2
61.3
61.3
61.9
60.0
