0
19
32
6
13
26
6
13
39
26
58
32
45
51
45
32
26
90
58
6
6
51
6
51
13
13
26
6
19
6
64
13
39
58
19
26
103
58
19
19
39
45
13
39
13
6
122
32
13
13
19
58
6
19
77
83
71
51
90
13
70
116
58
32
13
167
45
32
45
13
58
19
39
45
6
6
6
26
6
32
32
39
19
32
6
115
39
57
13
6
6
51
109
19
51
6
13
58
19
45
13
39
6
6
147
39
13
141
38
26
51
6
52
39
32
39
115
26
19
103
13
6
83
26
32
13
25
71
90
13
45
6
26
25
13
6
13
90
25
26
6
32
19
6
13
90
6
13
6
26
19
26
13
26
6
13
51
26
13
19
6
6
13
6
13
19
77
83
71
51
90
13
70
116
58
32
13
167
45
32
45
13
58
19
39
45
6
6
6
26
6
32
32
39
19
32
6
115
39
57
13
6
6
51
109
19
51
6
13
58
19
45
13
39
6
6
147
39
13
141
38
26
51
6
52
39
32
39
115
26
19
103
13
6
83
26
32
13
25
71
90
13
45
6
26
25
13
6
13
90
25
39
6
25
19
19
38
19
6
6
58
19
19
13
109
26
19
19
19
13
71
12
122
109
45
135
39
45
32
32
13
26
58
6
77
109
32
38
13
58
96
51
26
52
71
58
32
84
39
26
77
32
51
26
26
13
26
45
6
6
45
58
19
26
25
32
19
51
71
64
97
77
12
6
6
6
39
6
58
19
19
6
13
13
19
19
26
58
6
6
12
13
6
32
13
13
19
-10500
